0 0.00
1 0.00
2 0.00
3 0.00
4 0.00
5 0.00
6 0.00
7 0.00
8 0.00
9 0.00
10 0.00
11 0.00
12 0.00
13 0.00
14 0.00
15 0.00
16 0.00
17 0.00
18 0.00
19 0.00
20 0.00
21 0.00
22 0.00
23 0.00
24 0.00
25 0.00
26 0.00
27 0.00
28 0.00
29 0.00
30 0.00
31 0.00
32 0.00
33 0.00
34 0.00
35 0.00
36 0.00
37 0.00
38 0.00
39 0.00
40 0.00
41 0.00
42 0.00
43 0.00
44 0.00
45 0.00
46 0.00
47 0.00
48 0.00
49 0.00
50 0.00
51 0.00
52 0.00
53 0.00
54 0.00
55 0.00
56 0.00
57 0.00
58 0.00
59 0.00
60 0.00
61 0.00
62 0.00
63 0.00
64 0.00
65 0.00
66 0.00
67 0.00
68 0.00
69 0.00
70 0.00
71 0.01
72 0.01
73 0.01
74 0.01
75 0.01
76 0.01
77 0.01
78 0.01
79 0.01
80 0.01
81 0.01
82 0.01
83 0.01
84 0.01
85 0.01
86 0.01
87 0.01
88 0.01
89 0.01
90 0.01
91 0.01
92 0.01
93 0.01
94 0.01
95 0.01
96 0.01
97 0.01
98 0.01
99 0.01
100 0.01
101 0.01
102 0.01
103 0.01
104 0.01
105 0.01
106 0.01
107 0.01
108 0.01
109 0.01
110 0.01
111 0.01
112 0.01
113 0.01
114 0.01
115 0.01
116 0.01
117 0.01
118 0.01
119 0.01
120 0.01
121 0.01
122 0.01
123 0.02
124 0.02
125 0.02
126 0.02
127 0.02
128 0.02
129 0.02
130 0.02
131 0.02
132 0.02
133 0.02
134 0.02
135 0.02
136 0.02
137 0.02
138 0.02
139 0.02
140 0.02
141 0.02
142 0.02
143 0.02
144 0.02
145 0.02
146 0.02
147 0.02
148 0.02
149 0.02
150 0.02
151 0.02
152 0.02
153 0.02
154 0.02
155 0.02
156 0.02
157 0.02
158 0.02
159 0.03
160 0.03
161 0.03
162 0.03
163 0.03
164 0.03
165 0.03
166 0.03
167 0.03
168 0.03
169 0.03
170 0.03
171 0.03
172 0.03
173 0.03
174 0.03
175 0.03
176 0.03
177 0.03
178 0.03
179 0.03
180 0.03
181 0.03
182 0.03
183 0.03
184 0.03
185 0.03
186 0.03
187 0.03
188 0.04
189 0.04
190 0.04
191 0.04
192 0.04
193 0.04
194 0.04
195 0.04
196 0.04
197 0.04
198 0.04
199 0.04
200 0.04
201 0.04
202 0.04
203 0.04
204 0.04
205 0.04
206 0.04
207 0.04
208 0.04
209 0.04
210 0.04
211 0.04
212 0.04
213 0.05
214 0.05
215 0.05
216 0.05
217 0.05
218 0.05
219 0.05
220 0.05
221 0.05
222 0.05
223 0.05
224 0.05
225 0.05
226 0.05
227 0.05
228 0.05
229 0.05
230 0.05
231 0.05
232 0.05
233 0.05
234 0.05
235 0.06
236 0.06
237 0.06
238 0.06
239 0.06
240 0.06
241 0.06
242 0.06
243 0.06
244 0.06
245 0.06
246 0.06
247 0.06
248 0.06
249 0.06
250 0.06
251 0.06
252 0.06
253 0.06
254 0.06
255 0.07
256 0.07
257 0.07
258 0.07
259 0.07
260 0.07
261 0.07
262 0.07
263 0.07
264 0.07
265 0.07
266 0.07
267 0.07
268 0.07
269 0.07
270 0.07
271 0.07
272 0.07
273 0.07
274 0.08
275 0.08
276 0.08
277 0.08
278 0.08
279 0.08
280 0.08
281 0.08
282 0.08
283 0.08
284 0.08
285 0.08
286 0.08
287 0.08
288 0.08
289 0.08
290 0.08
291 0.08
292 0.09
293 0.09
294 0.09
295 0.09
296 0.09
297 0.09
298 0.09
299 0.09
300 0.09
301 0.09
302 0.09
303 0.09
304 0.09
305 0.09
306 0.09
307 0.09
308 0.09
309 0.10
310 0.10
311 0.10
312 0.10
313 0.10
314 0.10
315 0.10
316 0.10
317 0.10
318 0.10
319 0.10
320 0.10
321 0.10
322 0.10
323 0.10
324 0.10
325 0.11
326 0.11
327 0.11
328 0.11
329 0.11
330 0.11
331 0.11
332 0.11
333 0.11
334 0.11
335 0.11
336 0.11
337 0.11
338 0.11
339 0.11
340 0.12
341 0.12
342 0.12
343 0.12
344 0.12
345 0.12
346 0.12
347 0.12
348 0.12
349 0.12
350 0.12
351 0.12
352 0.12
353 0.12
354 0.13
355 0.13
356 0.13
357 0.13
358 0.13
359 0.13
360 0.13
361 0.13
362 0.13
363 0.13
364 0.13
365 0.13
366 0.13
367 0.13
368 0.14
369 0.14
370 0.14
371 0.14
372 0.14
373 0.14
374 0.14
375 0.14
376 0.14
377 0.14
378 0.14
379 0.14
380 0.14
381 0.15
382 0.15
383 0.15
384 0.15
385 0.15
386 0.15
387 0.15
388 0.15
389 0.15
390 0.15
391 0.15
392 0.15
393 0.15
394 0.16
395 0.16
396 0.16
397 0.16
398 0.16
399 0.16
400 0.16
401 0.16
402 0.16
403 0.16
404 0.16
405 0.16
406 0.16
407 0.17
408 0.17
409 0.17
410 0.17
411 0.17
412 0.17
413 0.17
414 0.17
415 0.17
416 0.17
417 0.17
418 0.17
419 0.18
420 0.18
421 0.18
422 0.18
423 0.18
424 0.18
425 0.18
426 0.18
427 0.18
428 0.18
429 0.18
430 0.18
431 0.19
432 0.19
433 0.19
434 0.19
435 0.19
436 0.19
437 0.19
438 0.19
439 0.19
440 0.19
441 0.19
442 0.20
443 0.20
444 0.20
445 0.20
446 0.20
447 0.20
448 0.20
449 0.20
450 0.20
451 0.20
452 0.20
453 0.21
454 0.21
455 0.21
456 0.21
457 0.21
458 0.21
459 0.21
460 0.21
461 0.21
462 0.21
463 0.21
464 0.22
465 0.22
466 0.22
467 0.22
468 0.22
469 0.22
470 0.22
471 0.22
472 0.22
473 0.22
474 0.22
475 0.23
476 0.23
477 0.23
478 0.23
479 0.23
480 0.23
481 0.23
482 0.23
483 0.23
484 0.23
485 0.24
486 0.24
487 0.24
488 0.24
489 0.24
490 0.24
491 0.24
492 0.24
493 0.24
494 0.24
495 0.25
496 0.25
497 0.25
498 0.25
499 0.25
500 0.25
501 0.25
502 0.25
503 0.25
504 0.25
505 0.26
506 0.26
507 0.26
508 0.26
509 0.26
510 0.26
511 0.26
512 0.26
513 0.26
514 0.26
515 0.27
516 0.27
517 0.27
518 0.27
519 0.27
520 0.27
521 0.27
522 0.27
523 0.27
524 0.27
525 0.28
526 0.28
527 0.28
528 0.28
529 0.28
530 0.28
531 0.28
532 0.28
533 0.28
534 0.29
535 0.29
536 0.29
537 0.29
538 0.29
539 0.29
540 0.29
541 0.29
542 0.29
543 0.29
544 0.30
545 0.30
546 0.30
547 0.30
548 0.30
549 0.30
550 0.30
551 0.30
552 0.30
553 0.31
554 0.31
555 0.31
556 0.31
557 0.31
558 0.31
559 0.31
560 0.31
561 0.31
562 0.32
563 0.32
564 0.32
565 0.32
566 0.32
567 0.32
568 0.32
569 0.32
570 0.32
571 0.33
572 0.33
573 0.33
574 0.33
575 0.33
576 0.33
577 0.33
578 0.33
579 0.34
580 0.34
581 0.34
582 0.34
583 0.34
584 0.34
585 0.34
586 0.34
587 0.34
588 0.35
589 0.35
590 0.35
591 0.35
592 0.35
593 0.35
594 0.35
595 0.35
596 0.36
597 0.36
598 0.36
599 0.36
600 0.36
601 0.36
602 0.36
603 0.36
604 0.36
605 0.37
606 0.37
607 0.37
608 0.37
609 0.37
610 0.37
611 0.37
612 0.37
613 0.38
614 0.38
615 0.38
616 0.38
617 0.38
618 0.38
619 0.38
620 0.38
621 0.39
622 0.39
623 0.39
624 0.39
625 0.39
626 0.39
627 0.39
628 0.39
629 0.40
630 0.40
631 0.40
632 0.40
633 0.40
634 0.40
635 0.40
636 0.40
637 0.41
638 0.41
639 0.41
640 0.41
641 0.41
642 0.41
643 0.41
644 0.41
645 0.42
646 0.42
647 0.42
648 0.42
649 0.42
650 0.42
651 0.42
652 0.43
653 0.43
654 0.43
655 0.43
656 0.43
657 0.43
658 0.43
659 0.43
660 0.44
661 0.44
662 0.44
663 0.44
664 0.44
665 0.44
666 0.44
667 0.44
668 0.45
669 0.45
670 0.45
671 0.45
672 0.45
673 0.45
674 0.45
675 0.46
676 0.46
677 0.46
678 0.46
679 0.46
680 0.46
681 0.46
682 0.47
683 0.47
684 0.47
685 0.47
686 0.47
687 0.47
688 0.47
689 0.47
690 0.48
691 0.48
692 0.48
693 0.48
694 0.48
695 0.48
696 0.48
697 0.49
698 0.49
699 0.49
700 0.49
701 0.49
702 0.49
703 0.49
704 0.50
705 0.50
706 0.50
707 0.50
708 0.50
709 0.50
710 0.50
711 0.51
712 0.51
713 0.51
714 0.51
715 0.51
716 0.51
717 0.51
718 0.52
719 0.52
720 0.52
721 0.52
722 0.52
723 0.52
724 0.52
725 0.53
726 0.53
727 0.53
728 0.53
729 0.53
730 0.53
731 0.53
732 0.54
733 0.54
734 0.54
735 0.54
736 0.54
737 0.54
738 0.54
739 0.55
740 0.55
741 0.55
742 0.55
743 0.55
744 0.55
745 0.56
746 0.56
747 0.56
748 0.56
749 0.56
750 0.56
751 0.56
752 0.57
753 0.57
754 0.57
755 0.57
756 0.57
757 0.57
758 0.57
759 0.58
760 0.58
761 0.58
762 0.58
763 0.58
764 0.58
765 0.59
766 0.59
767 0.59
768 0.59
769 0.59
770 0.59
771 0.59
772 0.60
773 0.60
774 0.60
775 0.60
776 0.60
777 0.60
778 0.61
779 0.61
780 0.61
781 0.61
782 0.61
783 0.61
784 0.61
785 0.62
786 0.62
787 0.62
788 0.62
789 0.62
790 0.62
791 0.63
792 0.63
793 0.63
794 0.63
795 0.63
796 0.63
797 0.64
798 0.64
799 0.64
800 0.64
801 0.64
802 0.64
803 0.64
804 0.65
805 0.65
806 0.65
807 0.65
808 0.65
809 0.65
810 0.66
811 0.66
812 0.66
813 0.66
814 0.66
815 0.66
816 0.67
817 0.67
818 0.67
819 0.67
820 0.67
821 0.67
822 0.68
823 0.68
824 0.68
825 0.68
826 0.68
827 0.68
828 0.69
829 0.69
830 0.69
831 0.69
832 0.69
833 0.69
834 0.70
835 0.70
836 0.70
837 0.70
838 0.70
839 0.70
840 0.71
841 0.71
842 0.71
843 0.71
844 0.71
845 0.71
846 0.72
847 0.72
848 0.72
849 0.72
850 0.72
851 0.72
852 0.73
853 0.73
854 0.73
855 0.73
856 0.73
857 0.73
858 0.74
859 0.74
860 0.74
861 0.74
862 0.74
863 0.74
864 0.75
865 0.75
866 0.75
867 0.75
868 0.75
869 0.76
870 0.76
871 0.76
872 0.76
873 0.76
874 0.76
875 0.77
876 0.77
877 0.77
878 0.77
879 0.77
880 0.77
881 0.78
882 0.78
883 0.78
884 0.78
885 0.78
886 0.78
887 0.79
888 0.79
889 0.79
890 0.79
891 0.79
892 0.80
893 0.80
894 0.80
895 0.80
896 0.80
897 0.80
898 0.81
899 0.81
900 0.81
901 0.81
902 0.81
903 0.82
904 0.82
905 0.82
906 0.82
907 0.82
908 0.82
909 0.83
910 0.83
911 0.83
912 0.83
913 0.83
914 0.84
915 0.84
916 0.84
917 0.84
918 0.84
919 0.84
920 0.85
921 0.85
922 0.85
923 0.85
924 0.85
925 0.86
926 0.86
927 0.86
928 0.86
929 0.86
930 0.86
931 0.87
932 0.87
933 0.87
934 0.87
935 0.87
936 0.88
937 0.88
938 0.88
939 0.88
940 0.88
941 0.89
942 0.89
943 0.89
944 0.89
945 0.89
946 0.89
947 0.90
948 0.90
949 0.90
950 0.90
951 0.90
952 0.91
953 0.91
954 0.91
955 0.91
956 0.91
957 0.92
958 0.92
959 0.92
960 0.92
961 0.92
962 0.93
963 0.93
964 0.93
965 0.93
966 0.93
967 0.94
968 0.94
969 0.94
970 0.94
971 0.94
972 0.94
973 0.95
974 0.95
975 0.95
976 0.95
977 0.95
978 0.96
979 0.96
980 0.96
981 0.96
982 0.96
983 0.97
984 0.97
985 0.97
986 0.97
987 0.97
988 0.98
989 0.98
990 0.98
991 0.98
992 0.98
993 0.99
994 0.99
995 0.99
996 0.99
997 0.99
998 1.00
999 1.00
1000 1.00
