0 0.00
1 0.00
2 0.00
3 0.00
4 0.00
5 0.00
6 0.00
7 0.00
8 0.00
9 0.00
10 0.00
11 0.00
12 0.00
13 0.00
14 0.00
15 0.00
16 0.00
17 0.00
18 0.00
19 0.00
20 0.00
21 0.00
22 0.00
23 0.00
24 0.00
25 0.00
26 0.00
27 0.00
28 0.00
29 0.00
30 0.00
31 0.00
32 0.00
33 0.00
34 0.00
35 0.00
36 0.00
37 0.01
38 0.01
39 0.01
40 0.01
41 0.01
42 0.01
43 0.01
44 0.01
45 0.01
46 0.01
47 0.01
48 0.01
49 0.01
50 0.01
51 0.01
52 0.01
53 0.01
54 0.02
55 0.02
56 0.02
57 0.02
58 0.02
59 0.02
60 0.02
61 0.02
62 0.02
63 0.03
64 0.03
65 0.03
66 0.03
67 0.03
68 0.03
69 0.03
70 0.03
71 0.04
72 0.04
73 0.04
74 0.04
75 0.04
76 0.04
77 0.05
78 0.05
79 0.05
80 0.05
81 0.05
82 0.06
83 0.06
84 0.06
85 0.06
86 0.06
87 0.07
88 0.07
89 0.07
90 0.07
91 0.08
92 0.08
93 0.08
94 0.08
95 0.09
96 0.09
97 0.09
98 0.09
99 0.10
100 0.10
101 0.10
102 0.11
103 0.11
104 0.11
105 0.12
106 0.12
107 0.12
108 0.13
109 0.13
110 0.13
111 0.14
112 0.14
113 0.14
114 0.15
115 0.15
116 0.16
117 0.16
118 0.16
119 0.17
120 0.17
121 0.18
122 0.18
123 0.19
124 0.19
125 0.20
126 0.20
127 0.20
128 0.21
129 0.21
130 0.22
131 0.22
132 0.23
133 0.24
134 0.24
135 0.25
136 0.25
137 0.26
138 0.26
139 0.27
140 0.27
141 0.28
142 0.29
143 0.29
144 0.30
145 0.30
146 0.31
147 0.32
148 0.32
149 0.33
150 0.34
151 0.34
152 0.35
153 0.36
154 0.37
155 0.37
156 0.38
157 0.39
158 0.39
159 0.40
160 0.41
161 0.42
162 0.43
163 0.43
164 0.44
165 0.45
166 0.46
167 0.47
168 0.47
169 0.48
170 0.49
171 0.50
172 0.51
173 0.52
174 0.53
175 0.54
176 0.55
177 0.55
178 0.56
179 0.57
180 0.58
181 0.59
182 0.60
183 0.61
184 0.62
185 0.63
186 0.64
187 0.65
188 0.66
189 0.68
190 0.69
191 0.70
192 0.71
193 0.72
194 0.73
195 0.74
196 0.75
197 0.76
198 0.78
199 0.79
200 0.80
201 0.81
202 0.82
203 0.84
204 0.85
205 0.86
206 0.87
207 0.89
208 0.90
209 0.91
210 0.93
211 0.94
212 0.95
213 0.97
214 0.98
215 0.99
216 1.01
217 1.02
218 1.04
219 1.05
220 1.06
221 1.08
222 1.09
223 1.11
224 1.12
225 1.14
226 1.15
227 1.17
228 1.19
229 1.20
230 1.22
231 1.23
232 1.25
233 1.26
234 1.28
235 1.30
236 1.31
237 1.33
238 1.35
239 1.37
240 1.38
241 1.40
242 1.42
243 1.43
244 1.45
245 1.47
246 1.49
247 1.51
248 1.53
249 1.54
250 1.56
251 1.58
252 1.60
253 1.62
254 1.64
255 1.66
256 1.68
257 1.70
258 1.72
259 1.74
260 1.76
261 1.78
262 1.80
263 1.82
264 1.84
265 1.86
266 1.88
267 1.90
268 1.92
269 1.95
270 1.97
271 1.99
272 2.01
273 2.03
274 2.06
275 2.08
276 2.10
277 2.13
278 2.15
279 2.17
280 2.20
281 2.22
282 2.24
283 2.27
284 2.29
285 2.31
286 2.34
287 2.36
288 2.39
289 2.41
290 2.44
291 2.46
292 2.49
293 2.52
294 2.54
295 2.57
296 2.59
297 2.62
298 2.65
299 2.67
300 2.70
301 2.73
302 2.75
303 2.78
304 2.81
305 2.84
306 2.87
307 2.89
308 2.92
309 2.95
310 2.98
311 3.01
312 3.04
313 3.07
314 3.10
315 3.13
316 3.16
317 3.19
318 3.22
319 3.25
320 3.28
321 3.31
322 3.34
323 3.37
324 3.40
325 3.43
326 3.46
327 3.50
328 3.53
329 3.56
330 3.59
331 3.63
332 3.66
333 3.69
334 3.73
335 3.76
336 3.79
337 3.83
338 3.86
339 3.90
340 3.93
341 3.97
342 4.00
343 4.04
344 4.07
345 4.11
346 4.14
347 4.18
348 4.21
349 4.25
350 4.29
351 4.32
352 4.36
353 4.40
354 4.44
355 4.47
356 4.51
357 4.55
358 4.59
359 4.63
360 4.67
361 4.70
362 4.74
363 4.78
364 4.82
365 4.86
366 4.90
367 4.94
368 4.98
369 5.02
370 5.07
371 5.11
372 5.15
373 5.19
374 5.23
375 5.27
376 5.32
377 5.36
378 5.40
379 5.44
380 5.49
381 5.53
382 5.57
383 5.62
384 5.66
385 5.71
386 5.75
387 5.80
388 5.84
389 5.89
390 5.93
391 5.98
392 6.02
393 6.07
394 6.12
395 6.16
396 6.21
397 6.26
398 6.30
399 6.35
400 6.40
401 6.45
402 6.50
403 6.55
404 6.59
405 6.64
406 6.69
407 6.74
408 6.79
409 6.84
410 6.89
411 6.94
412 6.99
413 7.04
414 7.10
415 7.15
416 7.20
417 7.25
418 7.30
419 7.36
420 7.41
421 7.46
422 7.52
423 7.57
424 7.62
425 7.68
426 7.73
427 7.79
428 7.84
429 7.90
430 7.95
431 8.01
432 8.06
433 8.12
434 8.17
435 8.23
436 8.29
437 8.35
438 8.40
439 8.46
440 8.52
441 8.58
442 8.64
443 8.69
444 8.75
445 8.81
446 8.87
447 8.93
448 8.99
449 9.05
450 9.11
451 9.17
452 9.23
453 9.30
454 9.36
455 9.42
456 9.48
457 9.54
458 9.61
459 9.67
460 9.73
461 9.80
462 9.86
463 9.93
464 9.99
465 10.05
466 10.12
467 10.18
468 10.25
469 10.32
470 10.38
471 10.45
472 10.52
473 10.58
474 10.65
475 10.72
476 10.79
477 10.85
478 10.92
479 10.99
480 11.06
481 11.13
482 11.20
483 11.27
484 11.34
485 11.41
486 11.48
487 11.55
488 11.62
489 11.69
490 11.76
491 11.84
492 11.91
493 11.98
494 12.06
495 12.13
496 12.20
497 12.28
498 12.35
499 12.43
500 12.50
501 12.58
502 12.65
503 12.73
504 12.80
505 12.88
506 12.96
507 13.03
508 13.11
509 13.19
510 13.27
511 13.34
512 13.42
513 13.50
514 13.58
515 13.66
516 13.74
517 13.82
518 13.90
519 13.98
520 14.06
521 14.14
522 14.22
523 14.31
524 14.39
525 14.47
526 14.55
527 14.64
528 14.72
529 14.80
530 14.89
531 14.97
532 15.06
533 15.14
534 15.23
535 15.31
536 15.40
537 15.49
538 15.57
539 15.66
540 15.75
541 15.83
542 15.92
543 16.01
544 16.10
545 16.19
546 16.28
547 16.37
548 16.46
549 16.55
550 16.64
551 16.73
552 16.82
553 16.91
554 17.00
555 17.10
556 17.19
557 17.28
558 17.37
559 17.47
560 17.56
561 17.66
562 17.75
563 17.85
564 17.94
565 18.04
566 18.13
567 18.23
568 18.33
569 18.42
570 18.52
571 18.62
572 18.71
573 18.81
574 18.91
575 19.01
576 19.11
577 19.21
578 19.31
579 19.41
580 19.51
581 19.61
582 19.71
583 19.82
584 19.92
585 20.02
586 20.12
587 20.23
588 20.33
589 20.43
590 20.54
591 20.64
592 20.75
593 20.85
594 20.96
595 21.06
596 21.17
597 21.28
598 21.38
599 21.49
600 21.60
601 21.71
602 21.82
603 21.93
604 22.03
605 22.14
606 22.25
607 22.36
608 22.48
609 22.59
610 22.70
611 22.81
612 22.92
613 23.03
614 23.15
615 23.26
616 23.37
617 23.49
618 23.60
619 23.72
620 23.83
621 23.95
622 24.06
623 24.18
624 24.30
625 24.41
626 24.53
627 24.65
628 24.77
629 24.89
630 25.00
631 25.12
632 25.24
633 25.36
634 25.48
635 25.60
636 25.73
637 25.85
638 25.97
639 26.09
640 26.21
641 26.34
642 26.46
643 26.58
644 26.71
645 26.83
646 26.96
647 27.08
648 27.21
649 27.34
650 27.46
651 27.59
652 27.72
653 27.84
654 27.97
655 28.10
656 28.23
657 28.36
658 28.49
659 28.62
660 28.75
661 28.88
662 29.01
663 29.14
664 29.28
665 29.41
666 29.54
667 29.67
668 29.81
669 29.94
670 30.08
671 30.21
672 30.35
673 30.48
674 30.62
675 30.75
676 30.89
677 31.03
678 31.17
679 31.30
680 31.44
681 31.58
682 31.72
683 31.86
684 32.00
685 32.14
686 32.28
687 32.42
688 32.57
689 32.71
690 32.85
691 32.99
692 33.14
693 33.28
694 33.43
695 33.57
696 33.72
697 33.86
698 34.01
699 34.15
700 34.30
701 34.45
702 34.59
703 34.74
704 34.89
705 35.04
706 35.19
707 35.34
708 35.49
709 35.64
710 35.79
711 35.94
712 36.09
713 36.25
714 36.40
715 36.55
716 36.71
717 36.86
718 37.01
719 37.17
720 37.32
721 37.48
722 37.64
723 37.79
724 37.95
725 38.11
726 38.27
727 38.42
728 38.58
729 38.74
730 38.90
731 39.06
732 39.22
733 39.38
734 39.54
735 39.71
736 39.87
737 40.03
738 40.19
739 40.36
740 40.52
741 40.69
742 40.85
743 41.02
744 41.18
745 41.35
746 41.52
747 41.68
748 41.85
749 42.02
750 42.19
751 42.36
752 42.53
753 42.70
754 42.87
755 43.04
756 43.21
757 43.38
758 43.55
759 43.72
760 43.90
761 44.07
762 44.25
763 44.42
764 44.59
765 44.77
766 44.95
767 45.12
768 45.30
769 45.48
770 45.65
771 45.83
772 46.01
773 46.19
774 46.37
775 46.55
776 46.73
777 46.91
778 47.09
779 47.27
780 47.46
781 47.64
782 47.82
783 48.00
784 48.19
785 48.37
786 48.56
787 48.74
788 48.93
789 49.12
790 49.30
791 49.49
792 49.68
793 49.87
794 50.06
795 50.25
796 50.44
797 50.63
798 50.82
799 51.01
800 51.20
801 51.39
802 51.58
803 51.78
804 51.97
805 52.17
806 52.36
807 52.56
808 52.75
809 52.95
810 53.14
811 53.34
812 53.54
813 53.74
814 53.94
815 54.13
816 54.33
817 54.53
818 54.73
819 54.94
820 55.14
821 55.34
822 55.54
823 55.74
824 55.95
825 56.15
826 56.36
827 56.56
828 56.77
829 56.97
830 57.18
831 57.39
832 57.59
833 57.80
834 58.01
835 58.22
836 58.43
837 58.64
838 58.85
839 59.06
840 59.27
841 59.48
842 59.69
843 59.91
844 60.12
845 60.34
846 60.55
847 60.76
848 60.98
849 61.20
850 61.41
851 61.63
852 61.85
853 62.07
854 62.28
855 62.50
856 62.72
857 62.94
858 63.16
859 63.38
860 63.61
861 63.83
862 64.05
863 64.27
864 64.50
865 64.72
866 64.95
867 65.17
868 65.40
869 65.62
870 65.85
871 66.08
872 66.31
873 66.53
874 66.76
875 66.99
876 67.22
877 67.45
878 67.68
879 67.92
880 68.15
881 68.38
882 68.61
883 68.85
884 69.08
885 69.32
886 69.55
887 69.79
888 70.02
889 70.26
890 70.50
891 70.73
892 70.97
893 71.21
894 71.45
895 71.69
896 71.93
897 72.17
898 72.42
899 72.66
900 72.90
901 73.14
902 73.39
903 73.63
904 73.88
905 74.12
906 74.37
907 74.61
908 74.86
909 75.11
910 75.36
911 75.61
912 75.86
913 76.10
914 76.36
915 76.61
916 76.86
917 77.11
918 77.36
919 77.62
920 77.87
921 78.12
922 78.38
923 78.63
924 78.89
925 79.15
926 79.40
927 79.66
928 79.92
929 80.18
930 80.44
931 80.70
932 80.96
933 81.22
934 81.48
935 81.74
936 82.00
937 82.27
938 82.53
939 82.79
940 83.06
941 83.32
942 83.59
943 83.86
944 84.12
945 84.39
946 84.66
947 84.93
948 85.20
949 85.47
950 85.74
951 86.01
952 86.28
953 86.55
954 86.83
955 87.10
956 87.37
957 87.65
958 87.92
959 88.20
960 88.47
961 88.75
962 89.03
963 89.31
964 89.58
965 89.86
966 90.14
967 90.42
968 90.70
969 90.99
970 91.27
971 91.55
972 91.83
973 92.12
974 92.40
975 92.69
976 92.97
977 93.26
978 93.54
979 93.83
980 94.12
981 94.41
982 94.70
983 94.99
984 95.28
985 95.57
986 95.86
987 96.15
988 96.44
989 96.74
990 97.03
991 97.32
992 97.62
993 97.91
994 98.21
995 98.51
996 98.80
997 99.10
998 99.40
999 99.70
1000 100.00
