2	0.000002
3	0.000001
4	0.000002
5	0.000002
6	0.000003
7	0.000004
8	0.000005
9	0.000008
10	0.000010
11	0.000013
12	0.000016
13	0.000022
14	0.000028
15	0.000034
16	0.000040
17	0.000050
18	0.000061
19	0.000071
20	0.000084
21	0.000096
22	0.000118
23	0.000136
24	0.000166
25	0.000166
26	0.000174
27	0.000211
28	0.000226
29	0.000253
30	0.000271
31	0.000305
32	0.000369
33	0.000382
34	0.000400
35	0.000375
36	0.000319
37	0.000352
38	0.000341
39	0.000368
40	0.000381
41	0.000410
42	0.000442
43	0.000749
44	0.000843
45	0.000918
46	0.000964
47	0.001053
48	0.001105
49	0.001284
50	0.000813
51	0.000747
52	0.001440
53	0.001392
54	0.001441
55	0.001538
56	0.001623
57	0.001709
58	0.001094
59	0.000983
60	0.001034
61	0.001088
62	0.001166
63	0.001191
64	0.001250
65	0.001341
66	0.001382
67	0.001346
68	0.001406
69	0.001468
70	0.001542
71	0.001606
72	0.001678
73	0.001637
74	0.001994
75	0.001857
76	0.001867
77	0.001969
78	0.001908
79	0.002027
80	0.002051
81	0.002135
82	0.002171
83	0.002171
84	0.002249
85	0.002335
86	0.002401
87	0.002390
88	0.002465
89	0.002549
90	0.002586
91	0.002616
92	0.002745
93	0.002791
94	0.002745
95	0.002827
96	0.002905
97	0.002932
98	0.002965
99	0.003068
100	0.003113
101	0.003126
102	0.003207
103	0.003250
104	0.003260
105	0.003389
106	0.003516
107	0.003615
108	0.003683
109	0.003812
110	0.003901
111	0.003986
112	0.004083
113	0.004214
114	0.004315
115	0.004424
116	0.004562
117	0.004657
118	0.004799
119	0.004951
120	0.005048
121	0.005153
122	0.005276
123	0.005473
124	0.005563
125	0.005762
126	0.005842
127	0.005998
128	0.006108
129	0.006232
130	0.006391
131	0.006557
132	0.006704
133	0.006866
134	0.007005
135	0.008264
136	0.010929
137	0.009276
138	0.010635
139	0.007870
140	0.008010
141	0.008226
142	0.008389
143	0.008523
144	0.008676
145	0.008857
146	0.009044
147	0.009242
148	0.009439
149	0.009627
150	0.009823
151	0.010268
152	0.010204
153	0.010409
154	0.010613
155	0.010879
156	0.011092
157	0.011318
158	0.011551
159	0.011694
160	0.011932
161	0.012139
162	0.012380
163	0.012615
164	0.012853
165	0.013100
166	0.013303
167	0.013548
168	0.013838
169	0.014021
170	0.014337
171	0.014622
172	0.014897
173	0.015131
174	0.015422
175	0.015628
176	0.015895
177	0.016153
178	0.016434
179	0.016795
180	0.017049
181	0.017341
182	0.017589
183	0.017931
184	0.018161
185	0.018482
186	0.018792
187	0.019284
188	0.019978
189	0.020005
190	0.020225
191	0.020474
192	0.021344
193	0.021575
194	0.025792
195	0.022631
196	0.023039
197	0.022943
198	0.023334
199	0.023681
200	0.023605
201	0.023892
202	0.024440
203	0.025122
204	0.025678
205	0.025248
206	0.025667
207	0.025895
208	0.026263
209	0.026665
210	0.027674
211	0.027458
212	0.027860
213	0.028275
214	0.028717
215	0.029125
216	0.030061
217	0.029905
218	0.030327
219	0.030910
220	0.031220
221	0.031730
222	0.032157
223	0.032488
224	0.032940
225	0.034945
226	0.034698
227	0.037044
228	0.036166
229	0.035698
230	0.035831
231	0.036834
232	0.039741
233	0.037016
234	0.037413
235	0.039029
236	0.038889
237	0.039414
238	0.039925
239	0.040358
240	0.040812
241	0.041227
242	0.041709
243	0.042592
244	0.043397
245	0.043555
246	0.043976
247	0.047516
248	0.045298
249	0.045751
250	0.046174
251	0.046784
252	0.059644
253	0.063181
254	0.049713
255	0.049826
256	0.049079
257	0.049581
258	0.050160
259	0.050875
260	0.051516
261	0.052059
262	0.052674
263	0.053355
264	0.053800
265	0.054468
266	0.054992
267	0.056184
268	0.062472
269	0.058936
270	0.057579
271	0.067613
272	0.058791
273	0.066932
274	0.066861
275	0.065689
276	0.061426
277	0.062094
278	0.062686
279	0.063277
280	0.065137
281	0.064590
282	0.066744
283	0.070593
284	0.068307
285	0.069232
286	0.071001
287	0.072559
288	0.084757
289	0.070642
290	0.072103
291	0.071971
292	0.072541
293	0.073395
294	0.074182
295	0.074790
296	0.075530
297	0.076266
298	0.077099
299	0.078269
300	0.079004
301	0.079827
302	0.080590
303	0.082925
304	0.083678
305	0.084474
306	0.084207
307	0.084630
308	0.085533
309	0.088018
310	0.089309
311	0.088442
312	0.089148
313	0.089794
314	0.090586
315	0.091865
316	0.095507
317	0.094337
318	0.094481
319	0.094966
320	0.097804
321	0.098909
322	0.097741
323	0.098687
324	0.101006
325	0.101287
326	0.104558
327	0.104591
328	0.105442
329	0.110357
330	0.105073
331	0.106422
332	0.107323
333	0.108343
334	0.111290
335	0.112420
336	0.110766
337	0.111737
338	0.115198
339	0.113910
340	0.118008
341	0.115914
342	0.117028
343	0.117831
344	0.118949
345	0.120384
346	0.120661
347	0.122314
348	0.123550
349	0.124318
350	0.125550
351	0.126788
352	0.127590
353	0.128418
354	0.130037
355	0.130706
356	0.134180
357	0.132966
358	0.134113
359	0.135743
360	0.135921
361	0.137140
362	0.138233
363	0.142826
364	0.141102
365	0.142317
366	0.143693
367	0.143948
368	0.145159
369	0.146245
370	0.147523
371	0.149061
372	0.150210
373	0.151336
374	0.152640
375	0.153636
376	0.158699
377	0.156083
378	0.157275
379	0.159416
380	0.160710
381	0.162054
382	0.163096
383	0.163608
384	0.168627
385	0.166446
386	0.167513
387	0.169122
388	0.170370
389	0.175881
390	0.173237
391	0.174175
392	0.175422
393	0.176790
394	0.178439
395	0.180332
396	0.185747
397	0.183120
398	0.184674
399	0.185344
400	0.186463
401	0.187738
402	0.193919
403	0.195185
404	0.192288
405	0.193831
406	0.195478
407	0.196378
408	0.197833
409	0.199327
410	0.200901
411	0.203212
412	0.204709
413	0.206297
414	0.207669
415	0.208250
416	0.209633
417	0.211501
418	0.212831
419	0.214567
420	0.216184
421	0.217703
422	0.219209
423	0.220585
424	0.222324
425	0.223542
426	0.225215
427	0.232222
428	0.230617
429	0.232168
430	0.234533
431	0.234607
432	0.235246
433	0.236983
434	0.238533
435	0.240558
436	0.242427
437	0.243735
438	0.245365
439	0.247053
440	0.248513
441	0.250171
442	0.253353
443	0.254864
444	0.256658
445	0.258404
446	0.259933
447	0.260673
448	0.268524
449	0.270174
450	0.265811
451	0.268307
452	0.269846
453	0.277422
454	0.280647
455	0.274908
456	0.278314
457	0.279094
458	0.280255
459	0.283501
460	0.285222
461	0.287151
462	0.289533
463	0.289787
464	0.292938
465	0.292980
466	0.302080
467	0.297117
468	0.298985
469	0.301463
470	0.302710
471	0.311323
472	0.306575
473	0.308206
474	0.310307
475	0.313842
476	0.322939
477	0.317814
478	0.319863
479	0.320172
480	0.322085
481	0.324117
482	0.326317
483	0.328754
484	0.330788
485	0.333152
486	0.342915
487	0.344275
488	0.338760
489	0.340403
490	0.342787
491	0.346638
492	0.348631
493	0.358841
494	0.352930
495	0.353967
496	0.358672
497	0.543107
498	0.359817
499	0.371055
500	0.365308
501	0.371896
502	0.383443
503	0.370781
504	0.373005
505	0.384096
506	0.386170
507	0.380443
508	0.382951
509	0.385228
510	0.395190
511	0.388674
512	0.390864
513	0.392995
514	0.395423
515	0.398305
516	0.400704
517	0.403268
518	0.405192
519	0.407326
520	0.409377
521	0.412181
522	0.414199
523	0.427028
524	0.421168
525	0.423299
526	0.425960
527	0.426074
528	0.428835
529	0.431097
530	0.433501
531	0.436859
532	0.449181
533	0.441990
534	0.444028
535	0.446782
536	0.448634
537	0.450894
538	0.453781
539	0.458097
540	0.461056
541	0.463265
542	0.472654
543	0.481064
544	0.476846
545	0.476886
546	0.489842
547	0.492894
548	0.485990
549	0.488162
550	0.486286
551	0.498049
552	0.490543
553	0.492369
554	0.495109
555	0.500360
556	0.503041
557	0.505792
558	0.508639
559	0.508857
560	0.512022
561	0.514347
562	0.517382
563	0.520635
564	0.523851
565	0.526201
566	0.541508
567	0.544017
568	0.533753
569	0.536806
570	0.539594
571	0.546118
572	0.550838
573	0.551865
574	0.554262
575	0.557157
576	0.559609
577	0.562181
578	0.563125
579	0.570367
580	0.569777
581	0.572350
582	0.575853
583	0.577698
584	0.580653
585	0.598040
586	0.586283
587	0.592200
588	0.595520
589	0.598417
590	0.613590
591	0.601759
592	0.605038
593	0.607755
594	0.610998
595	0.615272
596	0.618108
597	0.621382
598	0.624542
599	0.626485
600	0.629680
601	0.633125
602	0.635669
603	0.642090
604	0.645394
605	0.648490
606	0.651901
607	0.651807
608	0.671044
609	0.658738
610	0.662050
611	0.665932
612	0.669169
613	0.672718
614	0.675437
615	0.677930
616	0.681556
617	0.684678
618	0.688525
619	0.695178
620	0.697856
621	0.702208
622	0.705409
623	0.704820
624	0.708369
625	0.711932
626	0.715372
627	0.719524
628	0.723066
629	0.726972
630	0.730102
631	0.732531
632	0.735902
633	0.739237
634	0.742832
635	0.749742
636	0.753633
637	0.756832
638	0.773705
639	0.778077
640	0.787004
641	0.772349
642	0.773497
643	0.777818
644	0.780626
645	0.787454
646	0.795864
647	0.809430
648	0.813071
649	0.812226
650	0.816521
651	0.823913
652	0.827455
653	0.846691
654	0.828902
655	0.834322
656	0.839338
657	0.862471
658	0.840620
659	0.851984
660	0.889209
661	0.858966
662	0.861970
663	0.859540
664	0.868515
665	0.873406
666	0.891610
667	0.885332
668	0.889285
669	0.892336
670	0.917586
671	0.932771
672	0.901660
673	0.923842
674	0.923950
675	0.923974
676	0.902331
677	0.906328
678	0.910123
679	0.913335
680	0.938455
681	0.920919
682	0.924795
683	0.932821
684	0.937867
685	0.943972
686	0.948154
687	0.974429
688	0.956001
689	0.995748
690	0.970819
691	0.999988
692	0.981860
693	1.011114
694	0.990970
695	0.992826
696	1.019489
697	1.001471
698	1.005721
699	1.013879
700	1.018659
701	1.022988
702	1.028143
703	1.028190
704	1.031933
705	1.036734
706	1.040776
707	1.040181
708	1.039761
709	1.043183
710	1.048168
711	1.051186
712	1.084441
713	1.072981
714	1.081394
715	1.087336
716	1.111479
717	1.088007
718	1.128838
719	1.114624
720	1.103059
721	1.123632
722	1.113130
723	1.132428
724	1.149630
725	1.143940
726	1.134064
727	1.150517
728	1.151779
729	1.145295
730	1.165143
731	1.159762
732	1.180516
733	1.170159
734	1.189836
735	1.215408
736	1.178305
737	1.183388
738	1.172543
739	1.179685
740	1.190599
741	1.191708
742	1.204250
743	1.209982
744	1.230623
745	1.225719
746	1.228858
747	1.240007
748	1.232428
749	1.233224
750	1.238903
751	1.237161
752	1.242497
753	1.247722
754	1.252816
755	1.259400
756	1.264422
757	1.269642
758	1.305564
759	1.283482
760	1.289166
761	1.291156
762	1.328145
763	1.302934
764	1.308430
765	1.313024
766	1.318546
767	1.318785
768	1.340204
769	1.359819
770	1.353036
771	1.362764
772	1.378015
773	1.382403
774	1.386960
775	1.408315
776	1.396537
777	1.434938
778	1.407539
779	1.438923
780	1.410914
781	1.402908
782	1.414682
783	1.401067
784	1.440393
785	1.433969
786	1.455352
787	1.455985
788	1.446776
789	1.520007
790	1.499457
791	1.513369
792	1.490157
793	1.498330
794	1.533001
795	1.523141
796	1.535152
797	1.530489
798	1.522765
799	1.527427
800	1.527428
801	1.567044
802	1.537971
803	1.572128
804	1.551648
805	1.556692
806	1.563512
807	1.573055
808	1.572437
809	1.576938
810	1.619972
811	1.596153
812	1.596017
813	1.607955
814	1.623513
815	1.612192
816	1.613337
817	1.633510
818	1.598503
819	1.701903
820	1.621809
821	1.632631
822	1.633379
823	1.680836
824	1.650113
825	1.693930
826	1.656653
827	1.665058
828	1.670677
829	1.735969
830	1.678395
831	1.677551
832	1.688349
833	1.720729
834	1.716463
835	1.720684
836	1.734823
837	1.757732
838	1.739349
839	1.752248
840	1.755063
841	1.763315
842	1.763283
843	1.780184
844	1.795029
845	1.781175
846	1.820856
847	1.795120
848	1.806144
849	1.832831
850	1.836683
851	1.869817
852	1.848002
853	1.844800
854	1.854313
855	1.870392
856	1.873274
857	1.857746
858	1.863153
859	1.966028
860	1.918342
861	2.004856
862	2.042779
863	1.941403
864	1.930589
865	1.965450
866	2.008697
867	1.924723
868	1.927743
869	1.926901
870	1.939904
871	1.954601
872	1.971798
873	1.954767
874	1.981464
875	1.967908
876	2.082724
877	2.089946
878	2.012590
879	2.007562
880	2.048984
881	2.095083
882	2.021027
883	2.070241
884	2.055836
885	2.045799
886	2.038982
887	2.053091
888	2.053007
889	2.059889
890	2.076334
891	2.100074
892	2.131034
893	2.121037
894	2.140364
895	2.130830
896	2.143957
897	2.159223
898	2.233566
899	2.218572
900	2.203763
901	2.271675
902	2.293929
903	2.217167
904	2.186457
905	2.262519
906	2.231738
907	2.237211
908	2.269378
909	2.380436
910	2.398066
911	2.423482
912	2.377461
913	2.286012
914	2.250351
915	2.278002
916	2.323284
917	2.290582
918	2.390619
919	2.393658
920	2.392227
921	2.342645
922	2.406720
923	2.434840
924	2.386937
925	2.368571
926	2.363469
927	2.376965
928	2.377216
929	2.398326
930	2.430028
931	2.406731
932	2.545043
933	2.403727
934	2.397045
935	2.395450
936	2.459492
937	2.410357
938	2.476776
939	2.435332
940	2.439635
941	2.495068
942	2.453849
943	2.449241
944	2.457859
945	2.526409
946	2.472954
947	2.486717
948	2.519786
949	2.562581
950	2.581434
951	2.523127
952	2.521857
953	2.594379
954	2.629284
955	2.600959
956	2.645182
957	2.595127
958	2.604415
959	2.578863
960	2.588272
961	2.595846
962	2.602776
963	2.616327
964	2.624366
965	2.806358
966	3.001198
967	2.754336
968	2.745539
969	2.755567
970	2.837934
971	2.868952
972	2.898159
973	2.958220
974	2.749636
975	2.740829
976	2.746707
977	2.756727
978	2.764022
979	3.149098
980	3.014649
981	3.127282
982	2.908149
983	2.888192
984	3.107482
985	2.889184
986	2.832927
987	2.927358
988	2.839230
989	2.839343
990	2.932308
991	2.885672
992	2.865698
993	2.861776
994	2.927784
995	2.983307
996	2.911086
997	2.899759
998	2.923820
999	2.913369
1000	2.941015
